  K_b  kind    A_t (relocated)     bracket   all conv  max|E|    stored        relocated - stored
   14  birth   12.8186660520   5.7e-11   True     2.8e-18   12.818656     +1.01e-05
   15  split   13.5819483226   6.8e-11   True     1.0e-18   13.581954     -5.68e-06
   16  birth   14.3323797878   6.1e-11   True     8.3e-19   14.332368     +1.18e-05
   17  split   15.0709786360   6.9e-11   True     6.3e-19   15.070996     -1.74e-05
   18  birth   15.7986264922   6.8e-11   True     5.2e-19   15.798612     +1.45e-05
   19  split   16.5160933843   6.6e-11   True     2.7e-19   16.516097     -3.62e-06
   20  birth   17.2240570570   6.7e-11   True     6.3e-20   17.224041     +1.61e-05
   21  split   17.9231181343   6.9e-11   True     6.6e-20   17.923139     -2.09e-05
   22  birth   18.6138121819   6.9e-11   True     6.5e-20   18.613805     +7.18e-06
   23  split   19.2966194160   6.8e-11   True     3.3e-20   19.296662     -4.26e-05
   24  birth   19.9719726008   6.6e-11   True     3.1e-20   19.971952     +2.06e-05
   25  split   20.6402635351   6.6e-11   True     1.5e-20   20.640333     -6.95e-05
  first differences : 0.7632823 0.7504315 0.7385988 0.7276479 0.7174669 0.7079637 0.6990611 0.6906940 0.6828072 0.6753532 0.6682909
  second differences: -0.0128508 -0.0118326 -0.0109510 -0.0101810 -0.0095032 -0.0089026 -0.0083670 -0.0078868 -0.0074540 -0.0070623
  third differences : +1.02e-03 +8.82e-04 +7.70e-04 +6.78e-04 +6.01e-04 +5.36e-04 +4.80e-04 +4.33e-04 +3.92e-04
  stored third differences (K_b 19..25): +4.14e-04 +6.23e-04 +2.42e-04 +6.58e-04

  K_b  A_t            rho     c (relocated)   delta        delta/immune   delta/(3.2/v^4)   delta with stored A_g
   14  12.81866605   0.6492  0.3324658       +8.675e-04   0.959          1.201             +8.545e-04
   15  13.58194832   0.6608  0.3325269       +8.064e-04   0.970          1.198             +8.139e-04
   16  14.33237979   0.6717  0.3325807       +7.526e-04   0.980          1.194             +7.368e-04
   17  15.07097864   0.6822  0.3326284       +7.049e-04   0.990          1.190             +7.286e-04
   18  15.79862649   0.6921  0.3326707       +6.626e-04   0.993          1.185             +6.426e-04
   19  16.51609338   0.7017  0.3327085       +6.249e-04   0.994          1.181             +6.299e-04
   20  17.22405706   0.7109  0.3327423       +5.910e-04   0.995          1.176             +5.682e-04
   21  17.92311813   0.7197  0.3327729       +5.604e-04   0.997          1.172             +5.905e-04
   22  18.61381218   0.7282  0.3328005       +5.328e-04   0.998          1.168             +5.223e-04
   23  19.29661942   0.7365  0.3328257       +5.076e-04   0.999          1.164             +5.703e-04
   24  19.97197260   0.7444  0.3328486       +4.847e-04   0.999          1.160             +4.540e-04
   25  20.64026354   0.7521  0.3328697       +4.637e-04   0.999          1.156             +5.681e-04
